"","AFG","AGO","ALB","ARE","ARG","AUS","BDI","BEN","BFA","BGD","BGR","BOL","BRA","BWA","CAF","CAN","CHE","CHL","CHN","CIV","CMR","COD","COG","COL","COM","CRI","CUB","CZE","DEU","DNK","DZA","ECU","EGY","ESP","ETH","FIN","FRA","GAB","GBR","GHA","GIN","GMB","GNB","GNQ","GRC","GTM","HND","HUN","IDN","IND","IRL","IRN","IRQ","ISR","ITA","JPN","KEN","KHM","KOR","LAO","LBN","LBR","LKA","LSO","MAR","MDG","MEX","MLI","MMR","MNG","MOZ","MRT","MWI","MYS","NAM","NER","NGA","NIC","NLD","NOR","NPL","NZL","OMN","PAK","PAN","PER","PHL","POL","PRT","PRY","ROU","RUS","RWA","SAU","SDN","SEN","SLE","SLV","SOM","SWE","SWZ","SYR","TCD","TGO","THA","TUN","TUR","TZA","UGA","USA","VEN","VNM","ZAF","ZMB","ZWE"
"AFG",0,0.610017147174322,1.75201782759087,2.87146293292742,2.44034908230387,3.36814556599046,0.595236862401575,0.472637651483241,0.307860929747737,0.301181337871404,2.36832196634191,1.22234977608256,2.01882029923433,1.70267816597978,0.483532989292844,3.36987967603526,3.37111131423027,2.74171478034617,2.04637473618706,0.300812019221334,0.300902436032138,1.2498384886308,0.910230614552968,2.06332103601385,0.458445431443735,2.21881154099696,1.46596625206451,2.7239169483068,3.17559766161179,3.35095943805392,1.37820144678335,1.75100501570212,1.53625266735365,3.0160609142917,0.0408578622536506,3.34713821222709,3.23422146968438,1.47855447212248,3.3434087417041,0.722050378807394,0.325206019573549,0.182627602512802,0.342810338483459,3.23382041681664,2.8991610791577,1.64267717511896,0.983482547011521,2.31825083540626,1.61160382968253,1.2229271909592,3.3320508439011,1.93449967730685,0.609016522878434,3.07171353006012,3.10896212650604,3.23954671085772,0.247254339578703,1.01279802138274,3.1587432868396,0.652907500914973,1.63409404375096,0.0805718268575966,1.72617657799575,0.809380140873809,1.47089628555843,0.15848120134704,2.21720146556721,0.158324855920056,1.27408988140531,0.141882756858379,1.01583035823521,0.402332082500877,0.271541200342135,2.43112087859526,1.66027551768125,0.511974392547908,0.677639375630942,0.655712659822659,3.36393379468555,3.48922652150207,0.266221918438334,3.07843304759749,2.37727155515863,1.03964835491504,2.03893345861634,1.82244422518247,1.20125533970249,2.46155085954665,2.82046557070712,1.33288643407549,1.75804620416325,2.20460202181957,0.160398961386517,2.44435461654731,1.25507275492994,0.541810006358667,0.23565733881869,1.2191276261747,0.118396777745561,3.36667340922578,1.28804436309413,2.16286788169187,0.207929304721214,0.360963493394395,2.32919550350061,1.95164272797632,2.23575979491161,0.150476193888916,0.223730391464845,3.58263547264123,2.50820920770981,1.21419387716251,1.75958486188653,0.168370577982765,0.273826181717262
"AGO",0.610017147174322,0,1.14200068041655,2.2614457857531,1.83033193512955,2.75812841881614,1.2052540095759,0.13737949569108,0.302156217426584,0.308835809302917,1.75830481916759,0.61233262890824,1.40880315206001,1.09266101880546,1.09355013646717,2.75986252886094,2.76109416705595,2.13169763317185,1.43635758901274,0.309205127952987,0.309114711142183,1.85985563580512,0.300213467378646,1.45330388883953,1.06846257861806,1.60879439382264,0.855949104890184,2.11389980113248,2.56558051443747,2.7409422908796,0.768184299609029,1.1409878685278,0.926235520179333,2.40604376711738,0.650875009427972,2.73712106505277,2.62420432251005,0.868537324948155,2.73339159452978,0.112033231633072,0.93522316674787,0.42738954466152,0.952827485657781,2.62380326964232,2.28914393198338,1.03266002794464,0.373465399837199,1.70823368823194,1.00158668250821,0.612910043784877,2.72203369672678,1.32448253013252,0.00100062429588732,2.46169638288579,2.49894497933172,2.6295295636834,0.362762807595619,0.402780874208414,2.54872613966527,0.0428903537406509,1.02407689657664,0.690588974031918,1.11615943082143,0.199362993699488,0.860879138384112,0.768498348521362,1.60718431839289,0.451692291254266,0.664072734230992,0.468134390315942,0.405813211060889,0.207685064673445,0.881558347516457,1.82110373142094,1.05025837050693,1.12199153972223,0.0676222284566199,0.0456955126483374,2.75391664751123,2.87920937432775,0.343795228735988,2.46841590042317,1.76725440798431,0.429631207740717,1.42891631144202,1.21242707800815,0.591238192528168,1.85153371237233,2.2104484235328,0.722869286901171,1.14802905698893,1.59458487464525,0.449618185787805,1.83433746937299,0.645055607755623,0.0682071408156544,0.845674485993012,0.60911047900038,0.491620369428761,2.75665626205146,0.678027215919812,1.55285073451755,0.817946451895535,0.970980640568716,1.71917835632629,1.341625580802,1.62574264773729,0.760493341063238,0.386286755709476,2.9726183254669,1.89819206053549,0.604176729988192,1.1495677147122,0.778387725157087,0.883843328891584
"ALB",1.75201782759087,1.14200068041655,0,1.11944510533655,0.688331254713001,1.61612773839959,2.34725468999244,1.27938017610763,1.44415689784313,1.45083648971946,0.616304138751042,0.529668051508306,0.26680247164346,0.0493396616110839,2.23555081688371,1.61786184844439,1.61909348663941,0.989696952755303,0.294356908596194,1.45120580836953,1.45111539155873,3.00185631622167,0.841787213037899,0.311303208422983,2.2104632590346,0.466793713406094,0.286051575526361,0.971899120715937,1.42357983402093,1.59894161046305,0.373816380807517,0.0010128118887458,0.215765160237213,1.26404308670083,1.79287568984452,1.59512038463622,1.48220364209351,0.27346335546839,1.59139091411324,1.02996744878347,2.07722384716442,1.56939022507807,2.09482816607433,1.48180258922578,1.14714325156683,0.109340652471904,0.768535280579346,0.566233007815397,0.140413997908333,0.529090636631668,1.58003301631024,0.182481849715979,1.14300130471243,1.31969570246925,1.35694429891517,1.48752888326685,1.50476348801216,0.739219806208132,1.40672545924873,1.09911032667589,0.11792378383991,1.83258965444846,0.0258412495951159,0.942637686717058,0.281121542032434,1.91049902893791,0.465183637976342,1.59369297167081,0.477927946185554,1.61013507073249,0.736187469355657,1.34968574508999,2.023559027933,0.679103051004391,0.0917423099096162,2.26399222013878,1.07437845195993,1.09630516776821,1.61191596709468,1.7372086939112,1.48579590915253,1.32641522000663,0.625253727567763,0.712369472675829,0.286915631025474,0.0704263975916071,0.550762487888377,0.709533031955784,1.06844774311626,0.419131393515375,0.00602837657238453,0.452584194228702,1.59161886620435,0.692336788956442,0.496945072660923,1.2102078212322,1.98767516640956,0.532890201416166,1.63362104984531,1.61465558163491,0.463973464496734,0.410850054101001,1.95994713231208,2.11298132098526,0.57717767590974,0.199624900385452,0.483741967320741,1.90249402147978,1.52828743612602,1.83061764505036,0.756191380118944,0.537823950428353,0.00756703429565775,1.92038840557363,2.02584400930813
"ARE",2.87146293292742,2.2614457857531,1.11944510533655,0,0.431113850623554,0.496682633063037,3.466699795329,2.39882528144418,2.56360200317968,2.57028159505602,0.503140966585512,1.64911315684486,0.852642633693094,1.16878476694764,3.35499592222027,0.498416743107839,0.499648381302853,0.129748152581252,0.82508819674036,2.57065091370609,2.57056049689528,4.12130142155822,1.96123231837445,0.808141896913572,3.32990836437116,0.65265139193046,1.40549668086292,0.147545984620617,0.304134728684371,0.4794965051265,1.49326148614407,1.1204579172253,1.33521026557377,0.14459798136428,2.91232079518107,0.47567527929967,0.362758536756955,1.39290846080494,0.471945808776681,2.14941255412003,3.19666895250097,2.68883533041462,3.21427327141088,0.362357483889223,0.0276981462302768,1.22878575780846,1.8879803859159,0.553212097521158,1.25985910324489,1.64853574196822,0.460587910973683,0.936963255620576,2.26244641004899,0.200250597132694,0.237499193578619,0.368083777930297,2.62420859334872,1.85866491154469,0.287280353912173,2.21855543201245,1.23736888917646,2.95203475978502,1.14528635493167,2.06208279205361,1.40056664736899,3.02994413427446,0.654261467360213,2.71313807700737,1.59737305152211,2.72958017606904,1.85563257469221,2.46913085042655,3.14300413326956,0.440342054332163,1.21118741524617,3.38343732547533,2.19382355729648,2.21575027310476,0.492470861758131,0.617763588574649,2.60524101448909,0.206970114670071,0.494191377768791,1.83181457801238,0.83252947431108,1.04901870774495,1.67020759322493,0.40991207338077,0.050997362220297,1.53857649885193,1.11341672876417,0.666860911107852,2.7110639715409,0.427108316380112,1.61639017799748,2.32965292656875,3.10712027174611,1.65233530675272,2.75306615518186,0.495210476298356,1.58341856983329,0.708595051235553,3.07939223764864,3.23242642632182,0.542267429426815,0.919820204951103,0.635703138015813,3.02193912681634,2.64773254146258,0.711172539713804,0.363253725217611,1.65726905576491,1.1118780710409,3.03983351091019,3.14528911464468
"ARG",2.44034908230387,1.83033193512955,0.688331254713001,0.431113850623554,0,0.92779648368659,3.03558594470544,1.96771143082063,2.13248815255613,2.13916774443246,0.0720271159619585,1.21799930622131,0.42152878306954,0.737670916324085,2.92388207159671,0.929530593731393,0.930762231926407,0.301365698042302,0.393974346116806,2.13953706308253,2.13944664627173,3.69018757093467,1.5301184677509,0.377028046290018,2.8987945137476,0.221537541306907,0.974382830239362,0.283567866002937,0.735248579307925,0.910610355750054,1.06214763552052,0.689344066601747,0.904096414950214,0.575711831987833,2.48120694455752,0.906789129923224,0.793872387380508,0.961794610181391,0.903059659400235,1.71829870349647,2.76555510187742,2.25772147979107,2.78315942078733,0.793471334512777,0.45881199685383,0.797671907184904,1.45686653529235,0.122098246897604,0.828745252621333,1.21742189134467,0.891701761597236,0.505849404997022,1.83133255942543,0.631364447756248,0.668613044202173,0.79919762855385,2.19309474272517,1.42755106092113,0.718394204535727,1.7874415813889,0.80625503855291,2.52092090916146,0.714172504308117,1.63096894143006,0.969452796745434,2.59883028365091,0.223147616736659,2.28202422638381,1.16625920089855,2.29846632544549,1.42451872406866,2.03801699980299,2.711890282646,0.00922820370860933,0.780073564622617,2.95232347485178,1.76270970667293,1.78463642248121,0.923584712381684,1.0488774391982,2.17412716386553,0.638083965293625,0.0630775271452375,1.40070072738883,0.401415623687527,0.617904857121394,1.23909374260138,0.0212017772427835,0.380116488403257,1.10746264822838,0.682302878140616,0.235747060484298,2.27995012091735,0.00400553424344174,1.18527632737392,1.8985390759452,2.67600642112256,1.22122145612917,2.32195230455831,0.926324326921909,1.15230471920973,0.277481200612,2.64827838702508,2.80131257569826,0.111153578803261,0.488706354327549,0.20458928739226,2.59082527619278,2.21661869083902,1.14228639033736,0.067860125405943,1.22615520514135,0.680764220417343,2.60871966028663,2.71417526402113
"AUS",3.36814556599046,2.75812841881614,1.61612773839959,0.496682633063037,0.92779648368659,0,3.96338242839203,2.89550791450722,3.06028463624272,3.06696422811905,0.999823599648549,2.1457957899079,1.34932526675613,1.66546740001067,3.8516785552833,0.00173411004480251,0.00296574823981643,0.626430785644288,1.3217708298034,3.06733354676912,3.06724312995832,4.61798405462126,2.45791495143749,1.30482452997661,3.82659099743419,1.1493340249935,1.90217931392595,0.644228617683654,0.192547904378666,0.0171861279365366,1.98994411920711,1.61714055028834,1.8318928986368,0.352084651698757,3.40900342824411,0.0210073537633662,0.133924096306082,1.88959109386798,0.0247368242863555,2.64609518718306,3.69335158556401,3.18551796347766,3.71095590447392,0.134325149173813,0.46898448683276,1.72546839087149,2.38466301897894,1.04989473058419,1.75654173630792,2.14521837503126,0.0360947220893539,1.43364588868361,2.75912904311202,0.296432035930343,0.259183439484417,0.12859885513274,3.12089122641176,2.35534754460772,0.209402279150863,2.71523806507549,1.7340515222395,3.44871739284805,1.64196898799471,2.55876542511665,1.89724928043202,3.5266267673375,1.15094410042325,3.2098207100704,2.09405568458515,3.22626280913208,2.35231520775525,2.96581348348958,3.63968676633259,0.9370246873952,1.70787004830921,3.88011995853837,2.69050619035952,2.7124329061678,0.00421177130490591,0.121080955511612,3.10192364755212,0.289712518392966,0.990874010831828,2.32849721107542,1.32921210737412,1.54570134080798,2.16689022628797,0.906594706443807,0.547679995283334,2.03525913191497,1.61009936182721,1.16354354417089,3.20774660460394,0.923790949443148,2.11307281106051,2.82633555963179,3.60380290480915,2.14901793981576,3.2497487882449,0.00147215676468093,2.08010120289632,1.20527768429859,3.57607487071167,3.72910905938485,1.03895006248985,1.41650283801414,1.13238577107885,3.51862175987937,3.14441517452561,0.214489906650767,0.859936358280647,2.15395168882794,1.60856070410393,3.53651614397322,3.64197174770772
"BDI",0.595236862401575,1.2052540095759,2.34725468999244,3.466699795329,3.03558594470544,3.96338242839203,0,1.06787451388482,0.903097792149312,0.896418200272979,2.96355882874348,1.81758663848414,2.6140571616359,2.29791502838136,0.111703873108731,3.96511653843684,3.96634817663185,3.33695164274774,2.64161159858864,0.896048881622909,0.896139298433713,0.654601626229228,1.50546747695454,2.65855789841542,0.13679143095784,2.81404840339854,2.06120311446608,3.31915381070838,3.77083452401337,3.9461963004555,1.97343830918493,2.3462418781037,2.13148952975523,3.61129777669328,0.554379000147924,3.94237507462867,3.82945833208595,2.07379133452405,3.93864560410568,1.31728724120897,0.270030842828026,0.777864464914376,0.252426523918116,3.82905727921822,3.49439794155927,2.23791403752054,1.5787194094131,2.91348769780784,2.20684069208411,1.81816405336077,3.92728770630268,2.52973653970842,1.20425338528001,3.66695039246169,3.70419898890762,3.83478357325929,0.842491201980278,1.60803488378431,3.75398014924117,1.24814436331655,2.22933090615253,0.514665035543978,2.32141344039733,1.40461700327538,2.06613314796001,0.436755661054534,2.81243832796878,0.753561718321631,1.86932674380689,0.737119619259954,1.61106722063679,0.997568944902452,0.32369566205944,3.02635774099683,2.25551238008283,0.0832624698536666,1.27287623803252,1.25094952222423,3.95917065708713,4.08446338390365,0.861458780839909,3.67366990999907,2.97250841756021,1.63488521731661,2.63417032101792,2.41768108758405,1.79649220210406,3.05678772194823,3.4157024331087,1.92812329647707,2.35328306656483,2.79983888422114,0.755635823788092,3.03959147894888,1.85030961733152,1.13704686876024,0.359579523582885,1.81436448857628,0.713633640147136,3.96191027162735,1.88328122549571,2.75810474409344,0.387307557680361,0.23427336900718,2.92443236590218,2.54687959037789,2.83099665731318,0.444760668512659,0.81896725386642,4.1778723350428,3.10344607011139,1.80943073956409,2.3548217242881,0.42686628441881,0.321410680684313
"BEN",0.472637651483241,0.13737949569108,1.27938017610763,2.39882528144418,1.96771143082063,2.89550791450722,1.06787451388482,0,0.164776721735504,0.171456313611837,1.89568431485867,0.74971212459932,1.54618264775109,1.23004051449654,0.956170640776086,2.89724202455202,2.89847366274703,2.26907712886293,1.57373708470382,0.171825632261907,0.171735215451103,1.72247614011404,0.437592963069727,1.59068338453061,0.931083082926977,1.74617388951372,0.993328600581265,2.25127929682356,2.70296001012855,2.87832178657068,0.905563795300109,1.27836736421888,1.06361501587041,2.54342326280846,0.513495513736892,2.87450056074385,2.76158381820114,1.00591682063924,2.87077109022086,0.249412727324152,0.79784367105679,0.29001004897044,0.8154479899667,2.7611827653334,2.42652342767446,1.17003952363572,0.51084489552828,1.84561318392302,1.13896617819929,0.750289539475958,2.85941319241786,1.4618620258236,0.136378871395193,2.59907587857687,2.6363244750228,2.76690905937448,0.225383311904539,0.540160369899494,2.68610563535635,0.180269849431731,1.16145639226772,0.553209478340838,1.25353892651251,0.336742489390568,0.998258634075192,0.631118852830282,1.74456381408397,0.314312795563185,0.801452229922072,0.330754894624862,0.543192706751969,0.0703055689823646,0.744178851825376,1.95848322711202,1.18763786619801,0.98461204403115,0.2050017241477,0.183075008339418,2.89129614320231,3.01658887001883,0.206415733044907,2.60579539611425,1.90463390367539,0.567010703431797,1.5662958071331,1.34980657369923,0.728617688219249,1.98891320806341,2.34782791922388,0.860248782592251,1.28540855268001,1.73196437033633,0.312238690096724,1.97171696506407,0.782435103446703,0.0691723548754259,0.708294990301932,0.74648997469146,0.35424087373768,2.89403575774254,0.815406711610892,1.69023023020863,0.680566956204455,0.833601144877636,1.85655785201737,1.47900507649308,1.76312214342837,0.623113845372157,0.248907260018396,3.10999782115798,2.03557155622657,0.741556225679273,1.28694721040328,0.641008229466006,0.746463833200504
"BFA",0.307860929747737,0.302156217426584,1.44415689784313,2.56360200317968,2.13248815255613,3.06028463624272,0.903097792149312,0.164776721735504,0,0.00667959187633294,2.06046103659417,0.914488846334824,1.71095936948659,1.39481723623205,0.791393919040582,3.06201874628752,3.06325038448254,2.43385385059843,1.73851380643932,0.00704891052640289,0.00695849371559909,1.55769941837854,0.602369684805231,1.75546010626611,0.766306361191472,1.91095061124922,1.15810532231677,2.41605601855907,2.86773673186406,3.04309850830618,1.07034051703561,1.44314408595438,1.22839173760592,2.70819998454396,0.348718792001388,3.03927728247935,2.92636053993664,1.17069354237474,3.03554781195637,0.414189449059656,0.633066949321286,0.125233327234936,0.650671268231196,2.92595948706891,2.59130014940996,1.33481624537123,0.675621617263784,2.01038990565853,1.3037428999348,0.915066261211462,3.02418991415337,1.62663874755911,0.301155593130697,2.76385260031238,2.8011011967583,2.93168578110998,0.0606065901690345,0.704937091634998,2.85088235709186,0.345046571167235,1.32623311400322,0.388432756605334,1.41831564824801,0.501519211126072,1.1630353558107,0.466342131094778,1.90934053581947,0.149536073827681,0.966228951657576,0.165978172889358,0.707969428487473,0.0944711527531394,0.579402130089872,2.12325994884752,1.35241458793351,0.819835322295646,0.369778445883204,0.347851730074922,3.05607286493782,3.18136559175433,0.0416390113094032,2.77057211784976,2.06941062541089,0.731787425167301,1.7310725288686,1.51458329543474,0.893394409954753,2.15368992979891,2.51260464095939,1.02502550432775,1.45018527441551,1.89674109207183,0.14746196836122,2.13649368679957,0.947211825182207,0.23394907661093,0.543518268566427,0.911266696426964,0.189464152002176,3.05881247947804,0.980183433346396,1.85500695194413,0.515790234468951,0.668824423142132,2.02133457375287,1.64378179822858,1.92789886516387,0.458337123636653,0.0841305382828921,3.27477454289349,2.20034827796207,0.906332947414777,1.45172393213879,0.476231507730502,0.581687111465
"BGD",0.301181337871404,0.308835809302917,1.45083648971946,2.57028159505602,2.13916774443246,3.06696422811905,0.896418200272979,0.171456313611837,0.00667959187633294,0,2.06714062847051,0.921168438211157,1.71763896136292,1.40149682810838,0.784714327164249,3.06869833816386,3.06992997635887,2.44053344247477,1.74519339831566,0.00036931865006995,0.000278901839266155,1.55101982650221,0.609049276681564,1.76213969814245,0.75962676931514,1.91763020312556,1.1647849141931,2.4227356104354,2.87441632374039,3.04977810018252,1.07702010891195,1.44982367783072,1.23507132948225,2.7148795764203,0.342039200125055,3.04595687435569,2.93304013181297,1.17737313425107,3.0422274038327,0.420869040935989,0.626387357444953,0.118553735358603,0.643991676354863,2.93263907894524,2.59797974128629,1.34149583724756,0.682301209140117,2.01706949753486,1.31042249181113,0.921745853087795,3.0308695060297,1.63331833943544,0.30783518500703,2.77053219218871,2.80778078863464,2.93836537298631,0.0539269982927015,0.711616683511331,2.85756194896819,0.351726163043568,1.33291270587955,0.381753164729001,1.42499524012435,0.508198803002405,1.16971494768703,0.459662539218445,1.9160201276958,0.142856481951348,0.972908543533909,0.159298581013025,0.714649020363806,0.101150744629472,0.572722538213539,2.12993954072385,1.35909417980985,0.813155730419313,0.376458037759537,0.354531321951255,3.06275245681415,3.18804518363067,0.0349594194330702,2.77725170972609,2.07609021728723,0.738467017043634,1.73775212074494,1.52126288731107,0.900074001831086,2.16036952167525,2.51928423283572,1.03170509620409,1.45686486629185,1.90342068394817,0.140782376484887,2.14317327867591,0.95389141705854,0.240628668487263,0.536838676690095,0.917946288303297,0.182784560125843,3.06549207135437,0.986863025222729,1.86168654382046,0.509110642592618,0.662144831265799,2.0280141656292,1.65046139010491,1.9345784570402,0.45165753176032,0.0774509464065591,3.28145413476982,2.20702786983841,0.91301253929111,1.45840352401512,0.469551915854169,0.575007519588667
"BGR",2.36832196634191,1.75830481916759,0.616304138751042,0.503140966585512,0.0720271159619585,0.999823599648549,2.96355882874348,1.89568431485867,2.06046103659417,2.06714062847051,0,1.14597219025935,0.349501667107582,0.665643800362126,2.85185495563475,1.00155770969335,1.00278934788837,0.37339281400426,0.321947230154848,2.06750994712058,2.06741953030977,3.61816045497271,1.45809135178894,0.30500093032806,2.82676739778564,0.149510425344948,0.902355714277403,0.355594981964895,0.807275695269883,0.982637471712012,0.990120519558559,0.617316950639788,0.832069298988255,0.647738947949792,2.40917982859556,0.978816245885183,0.865899503342467,0.889767494219432,0.975086775362193,1.64627158753452,2.69352798591546,2.18569436382911,2.71113230482537,0.865498450474735,0.530839112815789,0.725644791222946,1.38483941933039,0.0500711309356454,0.756718136659375,1.14539477538271,0.963728877559195,0.433822289035064,1.75930544346348,0.703391563718206,0.740640160164132,0.871224744515809,2.12106762676321,1.35552394495917,0.790421320497686,1.71541446542694,0.734227922590952,2.44889379319951,0.642145388346158,1.5589418254681,0.897425680783476,2.52680316768895,0.151120500774701,2.20999711042185,1.0942320849366,2.22643920948353,1.3524916081067,1.96598988384103,2.63986316668404,0.0627989122533492,0.708046448660658,2.88029635888982,1.69068259071097,1.71260930651925,0.995611828343643,1.12090455516016,2.10210004790358,0.710111081255583,0.00894958881672103,1.32867361142687,0.329388507725568,0.545877741159435,1.16706662663942,0.093228893204742,0.452143604365215,1.03543553226642,0.610275762178658,0.16371994452234,2.20792300495539,0.0760326502054003,1.11324921141196,1.82651195998324,2.6039793051606,1.14919434016721,2.24992518859635,0.998351442883868,1.08027760324778,0.205454084650041,2.57625127106312,2.7292854597363,0.0391264628413026,0.416679238365591,0.132562171430301,2.51879816023083,2.14459157487706,1.21431350629932,0.139887241367902,1.1541280891794,0.608737104455384,2.53669254432467,2.64214814805917
"BOL",1.22234977608256,0.61233262890824,0.529668051508306,1.64911315684486,1.21799930622131,2.1457957899079,1.81758663848414,0.74971212459932,0.914488846334824,0.921168438211157,1.14597219025935,0,0.796470523151767,0.480328389897222,1.70588276537541,2.1475298999527,2.14876153814771,1.51936500426361,0.8240249601045,0.921537756861227,0.921447340050423,2.47218826471336,0.312119161529593,0.840971259931289,1.6807952075263,0.9964617649144,0.243616475981945,1.50156717222424,1.95324788552923,2.12860966197136,0.155851670700789,0.52865523961956,0.313902891271093,1.79371113820914,1.26320763833621,2.12478843614453,2.01187169360182,0.256204696039916,2.12105896562154,0.500299397275167,1.54755579565611,1.03972217356976,1.56516011456602,2.01147064073408,1.67681130307514,0.420327399036402,0.23886722907104,1.0959010593237,0.389254053599974,0.000577414876637761,2.10970106781854,0.712149901224285,0.613333253204127,1.84936375397755,1.88661235042348,2.01719693477516,0.975095436503858,0.209551754699826,1.93639351075703,0.569442275167589,0.411744267668396,1.30292160294016,0.50382680191319,0.412969635208752,0.248546509475872,1.3808309774296,0.994851689484648,1.06402492016251,0.051740105322752,1.08046701922418,0.206519417847351,0.820017693581685,1.4938909764247,1.2087711025127,0.43792574159869,1.73432416863047,0.54471040045162,0.566637116259902,2.14158401860299,2.26687674541951,0.956127857644227,1.85608327151493,1.15492177907607,0.182701421167523,0.81658368253378,0.600094449099913,0.0210944363800714,1.23920108346409,1.59811579462456,0.110536657992931,0.535696428080691,0.982252245737008,1.06195081469604,1.22200484046475,0.0327229788473833,0.680539769723894,1.45800711490125,0.00322214990785952,1.103952998337,2.14432363314322,0.0656945870115724,0.940518105609307,1.43027908080377,1.58331326947696,1.10684572741805,0.729292951893758,1.01341001882905,1.37282596997148,0.998619384617716,2.36028569655866,1.28585943162725,0.0081558989200472,0.537235085803964,1.39072035406533,1.49617595779982
"BRA",2.01882029923433,1.40880315206001,0.26680247164346,0.852642633693094,0.42152878306954,1.34932526675613,2.6140571616359,1.54618264775109,1.71095936948659,1.71763896136292,0.349501667107582,0.796470523151767,0,0.316142133254544,2.50235328852717,1.35105937680093,1.35229101499595,0.722894481111842,0.0275544369527339,1.71800828001299,1.71791786320219,3.26865878786513,1.10858968468136,0.044500736779522,2.47726573067806,0.199991241762634,0.552854047169822,0.705096649072477,1.15677736237746,1.33213913881959,0.640618852450977,0.267815283532206,0.482567631880674,0.997240615057374,2.05967816148798,1.32831791299276,1.21540117045005,0.540265827111851,1.32458844246977,1.29676992042693,2.34402631880788,1.83619269672153,2.36163063771779,1.21500011758232,0.880340779923371,0.376143124115364,1.03533775222281,0.299430536171936,0.407216469551793,0.795893108275129,1.31323054466678,0.0843206219274819,1.40980377635589,1.05289323082579,1.09014182727171,1.22072641162339,1.77156595965563,1.00602227785159,1.13992298760527,1.36591279831936,0.38472625548337,2.09939212609192,0.292643721238576,1.20944015836052,0.547924013675894,2.17730150058137,0.198381166332881,1.86049544331427,0.744730417829015,1.87693754237595,1.00298994099912,1.61648821673345,2.29036149957646,0.412300579360931,0.358544781553077,2.53079469178224,1.34118092360339,1.36310763941167,1.34511349545122,1.47040622226774,1.75259838079599,1.05961274836316,0.358451255924303,0.979171944319289,0.0201131593820136,0.196376074051853,0.817564959531838,0.442730560312324,0.801645271472797,0.685933865158836,0.260774095071076,0.185781722585242,1.85842133784781,0.425534317312982,0.763747544304383,1.47701029287566,2.25447763805302,0.799692673059626,1.90042352148877,1.34785310999145,0.730775936140194,0.14404758245754,2.22674960395554,2.37978379262872,0.310375204266279,0.0671775712580089,0.216939495677281,2.16929649312324,1.79508990776948,1.5638151734069,0.489388908475483,0.804626422071814,0.259235437347803,2.18719087721709,2.29264648095159
"BWA",1.70267816597978,1.09266101880546,0.0493396616110839,1.16878476694764,0.737670916324085,1.66546740001067,2.29791502838136,1.23004051449654,1.39481723623205,1.40149682810838,0.665643800362126,0.480328389897222,0.316142133254544,0,2.18621115527263,1.66720151005548,1.66843314825049,1.03903661436639,0.343696570207278,1.40186614675845,1.40177572994765,2.95251665461059,0.792447551426815,0.360642870034066,2.16112359742352,0.516133375017178,0.236711913915277,1.02123878232702,1.47291949563201,1.64828127207414,0.324476719196433,0.0483268497223381,0.166425498626129,1.31338274831192,1.74353602823343,1.64446004624731,1.53154330370459,0.224123693857306,1.64073057572432,0.98062778717239,2.02788418555333,1.52005056346698,2.04548850446324,1.53114225083686,1.19648291317792,0.0600009908608197,0.719195618968262,0.615572669426481,0.0910743362972486,0.479750975020584,1.62937267792132,0.231821511327063,1.09366164310135,1.36903536408033,1.40628396052626,1.53686854487793,1.45542382640108,0.689880144597048,1.45606512085981,1.04977066506481,0.0685841222288257,1.78324999283738,0.023498412015968,0.893298025105974,0.23178188042135,1.86115936732682,0.514523299587426,1.54435331005973,0.42858828457447,1.5607954091214,0.686847807744573,1.30034608347891,1.97421936632192,0.728442712615475,0.0424026482985322,2.21465255852769,1.02503879034884,1.04696550615712,1.66125562870577,1.78654835552229,1.43645624754145,1.37575488161771,0.674593389178847,0.663029811064745,0.336255292636558,0.119766059202691,0.501422826277294,0.758872693566868,1.11778740472734,0.369791731904291,0.0553680381834685,0.501923855839786,1.54227920459327,0.741676450567526,0.447605411049839,1.16086815962112,1.93833550479847,0.483550539805082,1.58428138823422,1.66399524324599,0.41463380288565,0.460189715712085,1.910607470701,2.06364165937418,0.626517337520824,0.248964561996535,0.533081628931825,1.8531543598687,1.47894777451494,1.87995730666144,0.805531041730028,0.488484288817269,0.0569066959067417,1.87104874396255,1.97650434769705
"CAF",0.483532989292844,1.09355013646717,2.23555081688371,3.35499592222027,2.92388207159671,3.8516785552833,0.111703873108731,0.956170640776086,0.791393919040582,0.784714327164249,2.85185495563475,1.70588276537541,2.50235328852717,2.18621115527263,0,3.85341266532811,3.85464430352312,3.22524776963901,2.52990772547991,0.784345008514179,0.784435425324983,0.766305499337959,1.39376360384581,2.54685402530669,0.0250875578491092,2.70234453028981,1.94949924135735,3.20744993759965,3.65913065090464,3.83449242734677,1.86173443607619,2.23453800499497,2.0197856566465,3.49959390358455,0.442675127039194,3.83067120151994,3.71775445897722,1.96208746141532,3.82694173099695,1.20558336810024,0.158326969719296,0.666160591805646,0.140722650809385,3.71735340610949,3.38269406845054,2.12621016441181,1.46701553630437,2.80178382469911,2.09513681897538,1.70646018025204,3.81558383319395,2.41803266659969,1.09254951217128,3.55524651935296,3.59249511579889,3.72307970015056,0.730787328871547,1.49633101067558,3.64227627613244,1.13644049020782,2.1176270330438,0.402961162435248,2.2097095672886,1.29291313016665,1.95442927485128,0.325051787945804,2.70073445486005,0.6418578452129,1.75762287069816,0.625415746151224,1.49936334752806,0.885865071793721,0.211991788950709,2.9146538678881,2.1438085069741,0.0284414032550639,1.16117236492379,1.1392456491155,3.8474667839784,3.97275951079491,0.749754907731178,3.56196603689034,2.86080454445147,1.52318134420788,2.52246644790919,2.30597721447532,1.68478832899533,2.9450838488395,3.30399855999997,1.81641942336834,2.2415791934561,2.68813501111241,0.643931950679361,2.92788760584015,1.73860574422279,1.02534299565151,0.247875650474154,1.70266061546755,0.601929767038405,3.85020639851862,1.77157735238698,2.64640087098471,0.275603684571631,0.12256949589845,2.81272849279345,2.43517571726916,2.71929278420445,0.333056795403929,0.70726338075769,4.06616846193407,2.99174219700266,1.69772686645536,2.24311785117937,0.315162411310079,0.209706807575582
"CAN",3.36987967603526,2.75986252886094,1.61786184844439,0.498416743107839,0.929530593731393,0.00173411004480251,3.96511653843684,2.89724202455202,3.06201874628752,3.06869833816386,1.00155770969335,2.1475298999527,1.35105937680093,1.66720151005548,3.85341266532811,0,0.00123163819501393,0.628164895689091,1.3235049398482,3.06906765681393,3.06897724000312,4.61971816466606,2.45964906148229,1.30655864002141,3.828325107479,1.1510681350383,1.90391342397075,0.645962727728456,0.194282014423468,0.0189202379813391,1.99167822925191,1.61887466033314,1.83362700868161,0.353818761743559,3.41073753828891,0.0227414638081687,0.135658206350884,1.89132520391278,0.026470934331158,2.64782929722787,3.69508569560881,3.18725207352246,3.71269001451872,0.136059259218616,0.470718596877562,1.7272025009163,2.38639712902374,1.051628840629,1.75827584635273,2.14695248507606,0.0378288321341564,1.43537999872841,2.76086315315683,0.298166145975145,0.26091754952922,0.130332965177542,3.12262533645656,2.35708165465253,0.211136389195666,2.71697217512029,1.7357856322843,3.45045150289286,1.64370309803951,2.56049953516145,1.89898339047683,3.5283608773823,1.15267821046805,3.2115548201152,2.09578979462995,3.22799691917688,2.35404931780005,2.96754759353438,3.6414208763774,0.938758797440002,1.70960415835401,3.88185406858317,2.69224030040432,2.7141670162126,0.00594588134970842,0.11934684546681,3.10365775759693,0.291446628437768,0.99260812087663,2.33023132112022,1.33094621741892,1.54743545085279,2.16862433633277,0.908328816488609,0.549414105328136,2.03699324195977,1.61183347187201,1.16527765421569,3.20948071464874,0.925525059487951,2.11480692110532,2.82806966967659,3.60553701485395,2.15075204986056,3.2514828982897,0.00320626680948344,2.08183531294113,1.20701179434339,3.57780898075647,3.73084316942966,1.04068417253465,1.41823694805894,1.13411988112365,3.52035586992418,3.14614928457042,0.212755796605965,0.86167046832545,2.15568579887275,1.61029481414874,3.53825025401803,3.64370585775252
"CHE",3.37111131423027,2.76109416705595,1.61909348663941,0.499648381302853,0.930762231926407,0.00296574823981643,3.96634817663185,2.89847366274703,3.06325038448254,3.06992997635887,1.00278934788837,2.14876153814771,1.35229101499595,1.66843314825049,3.85464430352312,0.00123163819501393,0,0.629396533884105,1.32473657804321,3.07029929500894,3.07020887819814,4.62094980286108,2.46088069967731,1.30779027821642,3.82955674567401,1.15229977323331,1.90514506216577,0.64719436592347,0.195513652618482,0.0201518761763531,1.99290986744692,1.62010629852815,1.83485864687662,0.355050399938573,3.41196917648393,0.0239731020031826,0.136889844545898,1.8925568421078,0.0277025725261719,2.64906093542288,3.69631733380382,3.18848371171747,3.71392165271373,0.13729089741363,0.471950235072576,1.72843413911131,2.38762876721875,1.05286047882401,1.75950748454774,2.14818412327108,0.0390604703291704,1.43661163692343,2.76209479135184,0.299397784170159,0.262149187724233,0.131564603372556,3.12385697465157,2.35831329284754,0.21236802739068,2.7182038133153,1.73701727047932,3.45168314108787,1.64493473623452,2.56173117335647,1.90021502867184,3.52959251557732,1.15390984866307,3.21278645831022,2.09702143282496,3.2292285573719,2.35528095599506,2.9687792317294,3.64265251457241,0.939990435635016,1.71083579654902,3.88308570677818,2.69347193859933,2.71539865440762,0.00717751954472234,0.118115207271796,3.10488939579194,0.292678266632782,0.993839759071644,2.33146295931524,1.33217785561393,1.5486670890478,2.16985597452778,0.909560454683623,0.55064574352315,2.03822488015478,1.61306511006702,1.16650929241071,3.21071235284376,0.926756697682965,2.11603855930033,2.82930130787161,3.60676865304896,2.15198368805557,3.25271453648471,0.00443790500449737,2.08306695113614,1.20824343253841,3.57904061895149,3.73207480762467,1.04191581072967,1.41946858625396,1.13535151931867,3.52158750811919,3.14738092276543,0.211524158410951,0.862902106520464,2.15691743706776,1.61152645234375,3.53948189221304,3.64493749594754
"CHL",2.74171478034617,2.13169763317185,0.989696952755303,0.129748152581252,0.301365698042302,0.626430785644288,3.33695164274774,2.26907712886293,2.43385385059843,2.44053344247477,0.37339281400426,1.51936500426361,0.722894481111842,1.03903661436639,3.22524776963901,0.628164895689091,0.629396533884105,0,0.695340044159108,2.44090276112484,2.44081234431403,3.99155326897697,1.8314841657932,0.67839374433232,3.20016021178991,0.522903239349208,1.27574852828166,0.0177978320393652,0.433882881265623,0.609244657707752,1.36351333356282,0.990709764644048,1.20546211299252,0.274346133945532,2.78257264259982,0.605423431880922,0.492506689338207,1.26316030822369,0.601693961357933,2.01966440153878,3.06692079991972,2.55908717783337,3.08452511882963,0.492105636470475,0.157446298811529,1.09903760522721,1.75823223333465,0.423463944939906,1.13011095066364,1.51878758938697,0.590336063554934,0.807215103039324,2.13269825746774,0.329998749713946,0.367247346159871,0.497831930511548,2.49446044076747,1.72891675896343,0.417028506493425,2.0888072794312,1.10762073659521,2.82228660720377,1.01553820235042,1.93233463947236,1.27081849478774,2.90019598169321,0.524513314778961,2.58338992442611,1.46762489894086,2.59983202348779,1.72588442211096,2.33938269784529,3.0132559806883,0.310593901750911,1.08143926266492,3.25368917289408,2.06407540471523,2.08600212052351,0.622219014339382,0.7475117411559,2.47549286190784,0.336718267251323,0.364443225187539,1.70206642543113,0.702781321729828,0.919270555163695,1.54045944064368,0.280163920799518,0.0787507903609548,1.40882834627068,0.983668576182918,0.5371127585266,2.58131581895965,0.29736016379886,1.48664202541623,2.1999047739875,2.97737211916486,1.52258715417147,2.62331800260061,0.624958628879607,1.45367041725204,0.578846898654302,2.94964408506738,3.10267827374056,0.412519276845563,0.790072052369851,0.505954985434562,2.89219097423509,2.51798438888132,0.840920692295056,0.233505572636359,1.52752090318366,0.982129918459645,2.91008535832894,3.01554096206343
"CHN",2.04637473618706,1.43635758901274,0.294356908596194,0.82508819674036,0.393974346116806,1.3217708298034,2.64161159858864,1.57373708470382,1.73851380643932,1.74519339831566,0.321947230154848,0.8240249601045,0.0275544369527339,0.343696570207278,2.52990772547991,1.3235049398482,1.32473657804321,0.695340044159108,0,1.74556271696573,1.74547230015492,3.29621322481786,1.13614412163409,0.0169462998267882,2.5048201676308,0.1724368048099,0.580408484122556,0.677542212119743,1.12922292542473,1.30458470186686,0.668173289403711,0.29536972048494,0.510122068833407,0.96968617810464,2.08723259844071,1.30076347604003,1.18784673349731,0.567820264064585,1.29703400551704,1.32432435737967,2.37158075576061,1.86374713367426,2.38918507467052,1.18744568062958,0.852786342970637,0.403697561068098,1.06289218917554,0.271876099219202,0.434770906504527,0.823447545227863,1.28567610771404,0.111875058880216,1.43735821330863,1.02533879387305,1.06258739031898,1.19317197467066,1.79912039660836,1.03357671480433,1.11236855065253,1.39346723527209,0.412280692436104,2.12694656304466,0.32019815819131,1.23699459531325,0.575478450628628,2.2048559375341,0.170826729380147,1.88804988026701,0.772284854781748,1.90449197932868,1.03054437795185,1.64404265368618,2.3179159365292,0.384746142408197,0.386099218505811,2.55834912873497,1.36873536055612,1.3906620763644,1.31755905849849,1.44285178531501,1.78015281774873,1.03205831141043,0.330896818971569,1.00672638127202,0.00744127757072022,0.223930511004587,0.845119396484572,0.41517612335959,0.774090834520063,0.713488302111569,0.28832853202381,0.158227285632508,1.88597577480054,0.397979880360248,0.791301981257117,1.50456472982839,2.28203207500575,0.82724711001236,1.9279779584415,1.32029867303872,0.758330373092928,0.116493145504807,2.25430404090828,2.40733822958146,0.282820767313545,0.0947320082107428,0.189385058724547,2.19685093007598,1.82264434472222,1.53626073645416,0.461834471522749,0.832180859024548,0.286789874300537,2.21474531416983,2.32020091790432
